2 2 3
500 600
100 A
200 B
2 1 2
5 4 8
100 400 200 500 300
250 AC
360 ACE
120 AB
40 DE
2 3 4 -3 1 2 -2 1
3 3 7
200 300 100
100 C
500 ABC
100 AB
2 -2 1 3 1 -1 -3
5 5 5
100 200 300 400 500
100 A
100 B
100 C
100 D
100 E
1 2 3 4 5
2 1 5
100 100
100 AB
1 1 1 1 1
5 5 15
100 100 100 100 100
100 A
100 B
100 C
100 D
100 E
1 1 -1 2 2 -2 3 3 -3 4 4 -4 5 5 -5
3 3 7
200 300 100
100 C
500 ABC
100 AB
3 -3 1 3 1 -1 -3
3 3 7
100 200 1000
300 A
200 B
100 AB
3 2 -3 1 -2 1 -1
3 3 6
200 400 600
400 B
600 A
200 C
1 -1 2 -2 3 -3
20 9 32
1000 1000 1000 1000 1000 1000 1000 1000 1000 1000 1000 1000 1000 1000 1000 1000 1000 1000 1000 1000
1000 ABC
1000 DEF
1000 GH
1000 IJ
1000 KL
1000 MN
1000 OP
1000 QR
1000 ST
1 2 3 4 5 6 7 8 9 1 2 3 4 5 6 7 8 9 1 2 3 4 5 6 7 8 9 1 2 3 4 5
1 1 1
1
1 A
1
17 8 28
220 254 171 911 804 642 258 744 762 448 257 835 292 647 7 796 666
497 CAKOLIFB
581 AMQP
360 KE
386 NGFIPDJMK
384 HJLICNKADEBG
878 QLDOGFBEH
784 DGQNPJ
549 GIFLKONBPDCH
7 -7 8 3 -3 -8 5 5 -5 -5 3 6 3 3 -3 -6 -3 8 2 8 -3 -8 -8 5 -5 -2 2 -2
2 6 32
324 221
619 B
686 B
715 B
448 A
62 B
934 B
2 5 -5 5 -5 -2 1 1 -1 6 1 4 -6 -1 -4 -1 2 -2 3 -3 3 5 -3 -5 6 5 1 -5 -1 -6 6 6
10 6 28
910 863 748 551 444 513 544 561 929 65
488 DA
157 IEAC
318 BIDC
738 E
670 FCDGIB
703 GEHJDIBF
5 -5 1 3 1 3 2 -2 4 -3 6 4 6 -1 4 -1 5 -3 1 -6 -1 4 -5 -4 -4 5 6 2
20 9 32
611 550 532 672 596 981 256 243 493 552 808 53 335 29 652 852 815 813 737 507
331 KNLBRGACOS
355 OKLD
47 HAFJQTNCPDG
848 KIDMRNT
564 R
382 LQG
125 FERKHTGLBMSAQDC
682 RSIBHETDOALGK
848 IGQMPJD
4 2 5 -2 -4 -5 1 -1 4 -4 4 -4 9 -9 8 7 3 1 9 7 2 8 -3 6 -7 -9 -7 5 -8 1 8 4
0